0 0.584375 0.61796875 0.715625 0.2484375
0 0.16640625 0.64609375 0.3328125 0.1640625
0 0.32421875 0.8 0.5859375 0.16875
0 0.784375 0.76015625 0.421875 0.2578125
0 0.521875 0.3421875 0.946875 0.453125
0 0.4734375 0.61796875 0.946875 0.2484375
0 0.515625 0.7578125 0.959375 0.271875
0 0.05546875 0.29609375 0.1109375 0.1640625
0 0.0625 0.40859375 0.125 0.1234375
0 0.04453125 0.17578125 0.0890625 0.1015625
0 0.05078125 0.0921875 0.1015625 0.10625
0 0.20859375 0.1359375 0.2921875 0.253125
0 0.5453125 0.11328125 0.146875 0.2265625
0 0.7859375 0.153125 0.221875 0.30625