0 0.77734375 0.6203125 0.2015625 0.18125
0 0.853125 0.6359375 0.2125 0.153125
0 0.84609375 0.65859375 0.0578125 0.1421875
0 0.79921875 0.7421875 0.1453125 0.2
0 0.93046875 0.753125 0.1171875 0.259375
0 0.61484375 0.76171875 0.1421875 0.1359375
0 0.959375 0.78828125 0.075 0.2578125
0 0.775 0.8796875 0.13125 0.18125
0 0.625 0.88515625 0.371875 0.2171875
0 0.428125 0.91171875 0.2125 0.1640625
0 0.7484375 0.3390625 0.05 0.146875
0 0.684375 0.34453125 0.11875 0.1234375
0 0.80078125 0.36484375 0.0609375 0.1765625
0 0.85546875 0.3796875 0.0609375 0.19375
0 0.91953125 0.4 0.0671875 0.2125
0 0.975 0.41796875 0.04375 0.2234375
0 0.48125 0.4203125 0.375 0.840625
0 0.69453125 0.4359375 0.1453125 0.2
0 0.2640625 0.48203125 0.08125 0.6359375
0 0.60859375 0.53203125 0.1015625 0.1828125
0 0.6890625 0.56171875 0.16875 0.1828125
0 0.7265625 0.57109375 0.15625 0.1296875