0 0.92578125 0.83671875 0.1421875 0.3171875
0 0.77890625 0.82578125 0.1671875 0.3390625
0 0.67265625 0.93515625 0.2328125 0.1203125
0 0.6453125 0.90234375 0.2375 0.1859375
0 0.63359375 0.74296875 0.1453125 0.2078125
0 0.665625 0.5515625 0.1375 0.196875
0 0.79453125 0.5546875 0.1265625 0.234375
0 0.92421875 0.546875 0.1453125 0.284375
0 0.9421875 0.56875 0.109375 0.2625
0 0.953125 0.303125 0.0875 0.2125
0 0.9375 0.10625 0.115625 0.2125
0 0.91640625 0.30859375 0.1609375 0.2578125
0 0.78984375 0.35234375 0.1015625 0.1484375
0 0.85078125 0.13359375 0.1171875 0.2578125
0 0.7578125 0.17578125 0.084375 0.2078125
0 0.74375 0.3453125 0.06875 0.153125
0 0.67890625 0.54921875 0.0984375 0.1921875
0 0.49921875 0.871875 0.0578125 0.159375
0 0.4078125 0.93515625 0.0875 0.1203125
0 0.4890625 0.9484375 0.090625 0.09375
0 0.428125 0.8359375 0.090625 0.175
0 0.50390625 0.83671875 0.0765625 0.0984375
0 0.4859375 0.7625 0.134375 0.09375
0 0.34453125 0.9046875 0.0546875 0.18125
0 0.3328125 0.81171875 0.0625 0.0703125
0 0.31796875 0.73828125 0.0609375 0.0765625
0 0.27421875 0.6890625 0.0484375 0.065625
0 0.22578125 0.80625 0.0515625 0.234375
0 0.3984375 0.73828125 0.084375 0.0765625
0 0.4203125 0.69453125 0.090625 0.0765625
0 0.46015625 0.65859375 0.0828125 0.1359375
0 0.54765625 0.70234375 0.1265625 0.1921875
0 0.56171875 0.53828125 0.1046875 0.1359375
0 0.6796875 0.3671875 0.1375 0.175
0 0.7 0.21328125 0.06875 0.1859375
0 0.64453125 0.24609375 0.0796875 0.1640625
0 0.57421875 0.26875 0.0734375 0.153125
0 0.51796875 0.4046875 0.0765625 0.153125
0 0.56796875 0.4109375 0.0796875 0.13125
0 0.465625 0.459375 0.05 0.0875
0 0.465625 0.54921875 0.071875 0.1265625
0 0.4125 0.54609375 0.0625 0.0984375
0 0.4046875 0.63125 0.065625 0.08125
0 0.35703125 0.6390625 0.0578125 0.065625
0 0.36015625 0.54375 0.0359375 0.071875
0 0.3796875 0.4890625 0.046875 0.071875
0 0.42890625 0.46484375 0.0515625 0.0765625
0 0.38984375 0.434375 0.0578125 0.08125
0 0.4453125 0.38359375 0.06875 0.1203125
0 0.51875 0.3140625 0.06875 0.115625
0 0.53515625 0.2375 0.1015625 0.125
0 0.6125 0.12265625 0.084375 0.1921875
0 0.65234375 0.09296875 0.0484375 0.1859375
0 0.72890625 0.0765625 0.1421875 0.153125
0 0.58359375 0.040625 0.0984375 0.08125
0 0.55078125 0.109375 0.0984375 0.153125
0 0.50390625 0.06796875 0.0609375 0.0921875
0 0.465625 0.1703125 0.071875 0.0875
0 0.47109375 0.2484375 0.0765625 0.125
0 0.4375 0.29765625 0.04375 0.0703125
0 0.39921875 0.303125 0.0765625 0.190625
0 0.3765625 0.15859375 0.046875 0.0984375
0 0.409375 0.0765625 0.06875 0.153125
0 0.44296875 0.115625 0.0765625 0.175
0 0.51015625 0.03828125 0.1234375 0.0765625
0 0.321875 0.5578125 0.040625 0.065625
0 0.30390625 0.5328125 0.0328125 0.0375
0 0.29453125 0.62265625 0.0515625 0.0546875
0 0.30625 0.26875 0.0875 0.175