0 0.85546875 0.06328125 0.2515625 0.1265625
0 0.8671875 0.20546875 0.246875 0.2015625
0 0.8703125 0.359375 0.221875 0.19375
0 0.871875 0.5296875 0.209375 0.225
0 0.875 0.709375 0.2125 0.26875
0 0.38359375 0.58984375 0.7296875 0.6421875
0 0.4859375 0.309375 0.575 0.61875
0 0.0453125 0.11953125 0.090625 0.2390625
0 0.0359375 0.35078125 0.071875 0.2546875
0 0.03828125 0.5859375 0.0765625 0.275
0 0.03984375 0.78359375 0.0796875 0.2984375
0 0.54375 0.82578125 0.90625 0.3359375
0 0.35 0.23125 0.221875 0.359375
0 0.615625 0.22421875 0.259375 0.4484375
0 0.334375 0.23515625 0.2875 0.2453125