0 0.83046875 0.83984375 0.1234375 0.1453125
0 0.7875 0.7296875 0.1 0.128125
0 0.70078125 0.82578125 0.1046875 0.1546875
0 0.63046875 0.72734375 0.1078125 0.1234375
0 0.68359375 0.6625 0.0765625 0.11875
0 0.62421875 0.5859375 0.0890625 0.11875
0 0.5 0.6234375 0.15 0.165625
0 0.48359375 0.7484375 0.1234375 0.175
0 0.5828125 0.896875 0.115625 0.165625
0 0.353125 0.653125 0.096875 0.11875
0 0.28203125 0.08359375 0.0765625 0.0828125
0 0.20859375 0.134375 0.0765625 0.103125
0 0.4 0.23046875 0.065625 0.1390625
0 0.31875 0.2296875 0.103125 0.15
0 0.23046875 0.2578125 0.0578125 0.103125
0 0.26796875 0.47421875 0.0734375 0.1140625
0 0.3234375 0.54609375 0.065625 0.0828125
0 0.38515625 0.52109375 0.0578125 0.0828125
0 0.3453125 0.46171875 0.08125 0.0984375
0 0.25078125 0.55390625 0.0765625 0.0984375
0 0.2125 0.52578125 0.053125 0.0828125
0 0.2125 0.44296875 0.0625 0.0828125
0 0.39765625 0.39140625 0.0546875 0.0828125
0 0.32734375 0.37109375 0.0578125 0.0921875
0 0.271875 0.3515625 0.065625 0.103125
0 0.19296875 0.36875 0.0546875 0.096875