0 0.73125 0.7953125 0.465625 0.4
0 0.96015625 0.85859375 0.0734375 0.2734375
0 0.9546875 0.678125 0.084375 0.153125
0 0.94609375 0.521875 0.1015625 0.18125
0 0.93828125 0.47109375 0.1171875 0.2296875
0 0.93671875 0.30078125 0.1203125 0.2078125
0 0.92734375 0.19921875 0.1390625 0.1703125
0 0.9140625 0.15546875 0.1625 0.3109375
0 0.88671875 0.1390625 0.2171875 0.278125
0 0.67421875 0.59609375 0.3953125 0.1859375
0 0.665625 0.47109375 0.378125 0.1640625
0 0.6296875 0.3578125 0.3125 0.146875
0 0.63984375 0.3125 0.3703125 0.284375
0 0.6203125 0.1390625 0.33125 0.115625
0 0.6125 0.04921875 0.33125 0.0984375
0 0.2578125 0.78203125 0.4875 0.3390625
0 0.24921875 0.91875 0.4984375 0.153125
0 0.2625 0.59296875 0.421875 0.1484375
0 0.2578125 0.49453125 0.4 0.0828125
0 0.26328125 0.42890625 0.3953125 0.1046875
0 0.265625 0.3796875 0.4 0.1375
0 0.26328125 0.30703125 0.3890625 0.1203125
0 0.2578125 0.26484375 0.371875 0.1140625
0 0.27109375 0.2078125 0.3515625 0.0875
0 0.27421875 0.1640625 0.3515625 0.109375
0 0.2796875 0.0875 0.328125 0.065625
0 0.27265625 0.06796875 0.3421875 0.1359375
0 0.02578125 0.7265625 0.0515625 0.240625
0 0.02890625 0.50234375 0.0578125 0.2296875
0 0.04921875 0.25390625 0.0984375 0.2796875
0 0.0546875 0.05703125 0.109375 0.1140625
0 0.4984375 0.49765625 0.996875 0.9953125